start=1321.821000
volume=130.000000
ab-loop-a=722.222000
