start=908.991000
volume=130.000000
