start=1199.865000
volume=118.000000
fullscreen=yes
sub-pos=99
