start=2783.531000
volume=130.000000
sub-visibility=no
