start=785.994000
volume=130.000000
