start=1347.054000
volume=88.000000
sub-delay=0.100000
