start=1259.549000
volume=68.000000
