start=1472.241500
volume=78.000000
deinterlace=yes
sid=1
sub-delay=-0.100000
sub-pos=106
sub-visibility=no
