start=671.629000
volume=94.000000
sid=no
sub-visibility=no
ab-loop-a=415.457000
