start=1337.508000
volume=112.000000
