start=1249.707000
volume=124.000000
