start=1264.244000
volume=130.000000
