start=555.101000
volume=112.000000
