start=1311.852000
volume=88.000000
sub-delay=0.100000
