start=1249.206000
volume=128.000000
