start=1284.805000
volume=130.000000
