start=1502.543000
volume=106.000000
sub-pos=111
ab-loop-a=960.334000
