start=1294.024000
volume=130.000000
video-aspect-override=1.777778
