start=1294.173000
volume=112.000000
