start=1507.548000
volume=130.000000
fullscreen=yes
sid=no
sub-delay=-0.000000
sub-pos=102
