start=1397.605000
volume=98.000000
sid=no
sub-delay=-0.000000
sub-pos=102
