start=1297.634000
volume=118.000000
