start=594.886000
volume=120.000000
sid=no
sub-delay=-0.000000
ab-loop-a=1137.261000
