start=1350.850000
volume=124.000000
