start=1513.762000
volume=88.000000
