start=1273.418000
volume=130.000000
fullscreen=yes
