start=629.629000
volume=88.000000
sub-visibility=no
