start=1468.384000
contrast=-5
sub-delay=-0.000000
