start=1523.731000
volume=130.000000
sub-visibility=no
