start=1254.962000
volume=112.000000
sub-delay=-0.100000
