start=70.737000
volume=130.000000
sub-visibility=no
