start=1457.373000
volume=130.000000
